SEQUENCE: SPDGTVPLSQTSEEAEEAIKRWRTNGEFKFEQDGLPFLNRDNVLPPRSDGHFHEVTVDVRGAGNRGNCFLIFGREKDQVYITTDHYVSHSLVDQNGSLCVLDGSKITSDEDWFKTVRREMNLPSFYGNNLDALWDALTGWCSYRMIIIVKNSEEAKKSLGKGAERNLKVIKDAAKQGADIILIEGvwwwwvvwvvvvvvwwwwvwvwvvwvwvwwvvvwwwwwvvvvvvvwvvvvwwwvvvwvwvwvwvwvvvwwwvvvwvwvvvwwvvwv
SCORE:     score     fa_atr     fa_rep     fa_sol    fa_intra_atr_xover4    fa_intra_rep_xover4    fa_intra_sol_xover4    lk_ball    lk_ball_iso    lk_ball_bridge    lk_ball_bridge_uncpl    fa_elec    fa_intra_elec    pro_close    hbond_sr_bb    hbond_lr_bb    hbond_bb_sc    hbond_sc    pointwater    dslf_fa13      omega    fa_dun_dev    fa_dun_rot    fa_dun_semi    p_aa_pp    hxl_tors        ref    rama_prepro    gen_bonded    aa_composition        rms     maxsub       time description
REMARK BINARY SILENTFILE
SCORE:  -400.951  -1058.098    159.902    843.947                -64.546                 32.801                 58.520    463.388       -445.868            -1.951                 -15.769   -380.723          -59.095        5.106        -59.009        -53.481        -92.155     -27.617         0.000        0.000     52.249         0.000        82.191        180.873    -52.746      32.704     -2.443          0.868         0.000             0.000      0.000    185.000    613.000 1AY7_D_0001
RES_NUM A:1-96 B:1-89 A:90-94 B:95-96 A:97 B:98-99 A:100-101 B:102 A:103-105 B:106 A:107-109 B:110 A:111-114 B:115 A:116-118 B:119 A:120-123 B:124-125 A:126-127 B:128-129 A:130 B:131-133 A:134 B:135-140 A:141 B:142 A:143-144 B:145 A:146-148 B:149-152 A:153-154 B:155-156 A:157 B:158-159 A:160 B:161 A:162-163 B:164 A:165-167 B:168-171 A:172-173 B:174-175 1AY7_D_0001
FOLD_TREE  EDGE 1 97 1  EDGE 1 4 -1  EDGE 4 218 34  EDGE 4 12 -1  EDGE 12 237 53  EDGE 97 102 -1  EDGE 102 103 -1  EDGE 102 248 64  EDGE 103 233 49  EDGE 103 108 -1  EDGE 108 238 54  EDGE 12 13 -1  EDGE 13 14 -1  EDGE 13 259 75  EDGE 14 193 9  EDGE 14 15 -1  EDGE 15 197 13  EDGE 15 22 -1  EDGE 22 25 -1  EDGE 22 253 69  EDGE 25 250 66  EDGE 25 27 -1  EDGE 27 28 -1  EDGE 27 262 78  EDGE 28 31 -1  EDGE 28 219 35  EDGE 31 217 33  EDGE 31 32 -1  EDGE 32 33 -1  EDGE 32 263 79  EDGE 33 189 5  EDGE 33 38 -1  EDGE 38 39 -1  EDGE 38 222 38  EDGE 39 188 4  EDGE 39 41 -1  EDGE 41 42 -1  EDGE 41 208 24  EDGE 42 207 23  EDGE 42 45 -1  EDGE 45 216 32  EDGE 39 239 55  EDGE 45 49 -1  EDGE 49 50 -1  EDGE 49 244 60  EDGE 50 209 25  EDGE 50 210 26  EDGE 50 54 -1  EDGE 54 56 -1  EDGE 54 240 56  EDGE 56 59 -1  EDGE 56 199 15  EDGE 59 190 6  EDGE 59 61 -1  EDGE 61 200 16  EDGE 61 67 -1  EDGE 67 230 46  EDGE 39 249 65  EDGE 50 256 72  EDGE 54 261 77  EDGE 108 109 -1  EDGE 109 111 -1  EDGE 109 266 82  EDGE 111 224 40  EDGE 111 114 -1  EDGE 114 232 48  EDGE 114 115 -1  EDGE 115 117 -1  EDGE 115 247 63  EDGE 117 119 -1  EDGE 117 220 36  EDGE 119 211 27  EDGE 119 121 -1  EDGE 121 245 61  EDGE 121 124 -1  EDGE 124 254 70  EDGE 124 126 -1  EDGE 126 260 76  EDGE 126 131 -1  EDGE 131 134 -1  EDGE 131 265 81  EDGE 134 135 -1  EDGE 134 251 67  EDGE 135 141 -1  EDGE 135 229 45  EDGE 141 192 8  EDGE 141 142 -1  EDGE 142 195 11  EDGE 142 202 18  EDGE 25 268 84  EDGE 67 72 -1  EDGE 72 73 -1  EDGE 72 269 85  EDGE 73 214 30  EDGE 73 74 -1  EDGE 74 76 -1  EDGE 74 243 59  EDGE 76 203 19  EDGE 76 78 -1  EDGE 78 79 -1  EDGE 78 213 29  EDGE 79 212 28  EDGE 76 223 39  EDGE 76 242 58  EDGE 79 80 -1  EDGE 80 82 -1  EDGE 80 258 74  EDGE 82 83 -1  EDGE 82 204 20  EDGE 83 201 17  EDGE 83 85 -1  EDGE 85 88 -1  EDGE 85 205 21  EDGE 88 187 3  EDGE 88 90 -1  EDGE 90 91 -1  EDGE 90 196 12  EDGE 91 186 2  EDGE 91 94 -1  EDGE 94 96 -1  EDGE 94 226 42  EDGE 142 143 -1  EDGE 143 145 -1  EDGE 143 270 86  EDGE 145 147 -1  EDGE 145 264 80  EDGE 147 194 10  EDGE 147 148 -1  EDGE 148 151 -1  EDGE 148 227 43  EDGE 151 152 -1  EDGE 151 225 41  EDGE 152 215 31  EDGE 152 157 -1  EDGE 157 158 -1  EDGE 157 221 37  EDGE 158 191 7  EDGE 158 236 52  EDGE 158 246 62  EDGE 158 159 -1  EDGE 159 160 -1  EDGE 159 252 68  EDGE 160 161 -1  EDGE 160 228 44  EDGE 161 198 14  EDGE 161 168 -1  EDGE 168 234 50  EDGE 168 173 -1  EDGE 173 235 51  EDGE 173 174 -1  EDGE 174 177 -1  EDGE 174 255 71  EDGE 177 206 22  EDGE 177 181 -1  EDGE 181 182 -1  EDGE 181 241 57  EDGE 182 185 -1  EDGE 182 231 47  EDGE 161 257 73  EDGE 160 267 83  EDGE 160 271 87  1AY7_D_0001
RT 0.216611 0.466826 0.857411 0.250239 -0.87547 0.41344 0.943642 0.125002 -0.306454 -29.2595 -20.0264 -6.21548   1AY7_D_0001
RT -0.961441 0.195 0.193921 -0.0391929 0.60079 -0.798446 -0.272203 -0.775259 -0.569982 4.19803 0.319292 0.465327   1AY7_D_0001
RT -0.617667 -0.623066 -0.479871 -0.745691 0.657863 0.105645 0.249866 0.423089 -0.870955 3.07769 1.64781 -0.359957   1AY7_D_0001
RT 0.513103 -0.131397 -0.84821 -0.556053 0.701917 -0.445105 0.653858 0.700034 0.287092 0.746618 4.02029 -3.14451   1AY7_D_0001
RT 0.237423 0.519426 0.82087 0.295714 0.766279 -0.570413 -0.925302 0.378171 0.0283304 -1.83233 -2.06951 -2.82155   1AY7_D_0001
RT -0.0127194 -0.961676 0.273892 0.996857 0.00922588 0.078687 -0.0781983 0.274032 0.958536 -2.95825 -2.46485 0.191171   1AY7_D_0001
RT 0.231176 -0.7298 -0.64339 0.568181 0.638086 -0.519631 0.789765 -0.245435 0.562168 -0.713126 -4.1224 -2.2164   1AY7_D_0001
RT 0.305899 0.554055 0.774241 0.920341 0.0360874 -0.389448 -0.243716 0.831697 -0.498881 -1.88776 -1.46177 -3.03906   1AY7_D_0001
RT 0.802576 -0.489765 -0.34059 -0.434215 -0.0881129 -0.89649 0.409059 0.86739 -0.283381 4.06137 -0.20184 -0.0337829   1AY7_D_0001
RT 0.920314 -0.390898 -0.0148802 -0.381714 -0.889072 -0.252675 0.0855406 0.23822 -0.967437 -2.42675 -1.07882 2.5332   1AY7_D_0001
RT -0.548829 0.828892 0.10828 0.239567 0.0318628 0.970357 0.800871 0.5585 -0.216062 2.5239 2.0261 1.28696   1AY7_D_0001
RT 0.162824 0.954098 -0.251368 0.481905 0.14541 0.864074 0.860962 -0.261828 -0.436108 -2.9813 -0.839279 2.62706   1AY7_D_0001
RT -0.232014 -0.86641 0.442157 0.93655 -0.321767 -0.139067 0.26276 0.381837 0.886091 -0.816217 -2.81575 -3.19553   1AY7_D_0001
RT -0.0475138 0.909553 -0.412863 0.840361 -0.187026 -0.508739 -0.539941 -0.371126 -0.755466 -3.1676 0.176383 -3.41291   1AY7_D_0001
RT -0.713989 -0.695674 0.0791038 0.694597 -0.717994 -0.0449446 0.0880628 0.0228553 0.995853 2.91912 0.348736 2.86669   1AY7_D_0001
RT 0.364182 -0.86165 -0.353456 -0.930997 -0.346925 -0.11352 -0.024808 0.370408 -0.928538 -1.90193 -1.69789 2.65466   1AY7_D_0001
RT 0.801338 0.0786407 0.59302 -0.394368 -0.675956 0.622541 0.449813 -0.732734 -0.510656 -2.96665 -2.44822 0.10006   1AY7_D_0001
RT 0.85499 0.211199 0.473695 0.429778 -0.799752 -0.419151 0.290314 0.561954 -0.774549 -2.92364 -2.52078 0.0991417   1AY7_D_0001
RT -0.142212 -0.922872 -0.357886 0.958994 -0.218012 0.181111 -0.245166 -0.317455 0.916033 -2.88984 -2.54036 0.205424   1AY7_D_0001
RT -0.449263 -0.300954 0.841183 0.328943 -0.931131 -0.157452 0.830638 0.205964 0.51732 0.975757 -3.6959 1.05251   1AY7_D_0001
RT -0.891212 0.234374 -0.388342 -0.206059 0.553513 0.806947 0.40408 0.799182 -0.445003 -2.10243 2.12551 -3.46933   1AY7_D_0001
RT 0.937419 -0.0786177 -0.339211 -0.346969 -0.12898 -0.928965 0.0292815 0.988526 -0.148187 0.240798 -3.60126 0.146168   1AY7_D_0001
RT 0.188231 -0.760391 0.62159 0.615094 0.584677 0.528972 -0.765655 0.282768 0.577767 3.6857 0.0264064 -0.193885   1AY7_D_0001
RT 0.487975 -0.392336 -0.779713 -0.802025 0.150959 -0.577899 0.344435 0.90735 -0.240999 -1.73267 -2.66157 -1.37672   1AY7_D_0001
RT 0.542424 0.367967 -0.755233 0.840104 -0.238578 0.48714 -0.000930739 -0.898711 -0.438541 -1.61473 -2.80215 0.541744   1AY7_D_0001
RT 0.0903806 -0.97832 0.186337 0.985276 0.115103 0.126423 -0.14513 0.172168 0.974318 -2.90499 -2.44876 0.140618   1AY7_D_0001
RT 0.824257 -0.0331932 0.565242 0.434266 0.677648 -0.593469 -0.363336 0.734637 0.572971 2.82825 -1.01597 2.89085   1AY7_D_0001
RT 0.720461 -0.22822 0.654867 -0.613293 -0.650495 0.448027 0.323739 -0.724412 -0.608622 -1.7064 -2.9813 2.63854   1AY7_D_0001
RT -0.931272 -0.301603 -0.204373 0.281435 -0.239311 -0.92926 0.231359 -0.922912 0.307745 -3.48343 -3.84903 -0.882467   1AY7_D_0001
RT -0.733008 -0.0745808 0.676119 -0.180201 0.979749 -0.0872896 -0.655917 -0.185821 -0.731603 -0.149521 2.70435 -2.79477   1AY7_D_0001
RT 0.481798 -0.46796 -0.740867 0.273125 -0.723155 0.634389 -0.832631 -0.507997 -0.220603 -2.23672 -1.61751 -2.5178   1AY7_D_0001
RT 0.65411 -0.0121835 0.756302 -0.743916 -0.191273 0.640316 0.136859 -0.981461 -0.134177 -2.26852 -0.0975111 3.01205   1AY7_D_0001
RT 0.18156 -0.776423 0.603493 -0.547449 -0.589605 -0.593856 0.816906 -0.222561 -0.532101 -2.9117 -2.41265 -0.173848   1AY7_D_0001
RT -0.125313 -0.516147 -0.847283 -0.227633 -0.816274 0.530924 -0.96565 0.259402 -0.0152022 3.65258 0.409359 -1.08444   1AY7_D_0001
RT -0.0250632 -0.988867 -0.146674 0.440549 0.12078 -0.889567 0.897378 -0.0869126 0.432618 -2.99324 -2.49077 -0.00555918   1AY7_D_0001
RT -0.424996 -0.896197 0.127312 -0.243534 0.248665 0.937474 -0.871819 0.367418 -0.323936 4.01316 0.732924 -1.34369   1AY7_D_0001
RT 0.876504 -0.399287 -0.268905 -0.453265 -0.872675 -0.181631 -0.162144 0.281085 -0.945886 0.457187 -3.54775 -2.80359   1AY7_D_0001
RT 0.998879 0.0473319 -0.000630877 0.0459705 -0.966798 0.251374 0.0112881 -0.251121 -0.96789 -2.92057 -2.44822 0.10006   1AY7_D_0001
RT 0.332709 0.919591 -0.208942 -0.667989 0.0734195 -0.740541 -0.665655 0.385955 0.638704 1.74867 1.7054 2.33363   1AY7_D_0001
RT -0.745006 0.311489 -0.589865 0.423463 0.904092 -0.0574155 0.515408 -0.292561 -0.805458 1.21252 -4.73049 -0.0612891   1AY7_D_0001
RT -0.859527 -0.416893 0.295658 -0.334178 0.0207272 -0.942282 0.386703 -0.908719 -0.157132 -0.98408 2.00895 -3.64024   1AY7_D_0001
RT 0.477119 0.77066 -0.422423 -0.607121 -0.0584978 -0.792453 -0.635423 0.634556 0.439973 -2.86658 -2.4573 0.19393   1AY7_D_0001
RT 0.220469 -0.190001 0.956709 0.289284 -0.923977 -0.250164 0.931509 0.331914 -0.148744 -2.35821 -1.63257 2.20546   1AY7_D_0001
RT 0.730253 0.66904 0.138261 0.0497003 0.149818 -0.987464 -0.681366 0.72797 0.0761533 -1.13077 -2.16519 -2.08164   1AY7_D_0001
RT 0.844048 0.424092 0.328221 -0.535523 0.634325 0.557536 0.0282474 -0.646357 0.762512 0.561502 -3.41337 -2.57569   1AY7_D_0001
RT -0.278327 0.441245 0.853134 -0.00878097 -0.889363 0.457118 0.960446 0.119737 0.251408 1.90909 -3.8008 3.13699   1AY7_D_0001
RT 0.953549 0.160245 -0.25508 0.0105031 -0.863944 -0.503479 -0.301055 0.477412 -0.825496 -2.88945 -2.49705 0.110546   1AY7_D_0001
RT 0.974558 -0.210077 -0.0781315 -0.208559 -0.977631 0.0272029 -0.0820985 -0.0102158 -0.996572 0.815202 -2.55942 -2.9769   1AY7_D_0001
RT 0.526794 -0.712199 0.463962 0.399244 -0.274559 -0.87477 0.750395 0.646057 0.139705 0.0780671 -1.70809 2.36292   1AY7_D_0001
RT 0.873313 0.293109 0.389116 -0.349272 0.933541 0.0806828 -0.339607 -0.206369 0.917648 0.419938 -3.41797 -3.27171   1AY7_D_0001
RT 0.383147 0.900648 -0.205018 0.331639 0.0730236 0.940576 0.862099 -0.428371 -0.270711 -1.90335 -1.56032 3.14783   1AY7_D_0001
RT -0.356493 -0.932922 -0.0506958 0.791558 -0.272758 -0.546844 0.496335 -0.235075 0.835698 4.29023 1.25104 -0.528706   1AY7_D_0001
RT -0.445851 0.644179 0.62149 0.562153 -0.3388 0.754452 0.696563 0.685746 -0.211073 2.37008 -4.14352 -0.914686   1AY7_D_0001
RT 0.925623 -0.315254 -0.209374 0.378447 0.769874 0.513879 -0.000811196 -0.554895 0.83192 1.01709 3.34408 0.172623   1AY7_D_0001
RT -0.38708 0.682571 -0.619892 -0.802456 0.081741 0.591086 0.454128 0.726234 0.516093 -1.86413 3.26098 -3.68913   1AY7_D_0001
RT 0.991196 0.0158621 -0.131448 -0.085361 -0.682361 -0.726014 -0.101211 0.730843 -0.675 -1.83096 -3.52993 2.64299   1AY7_D_0001
RT 0.0822752 -0.134772 0.987455 0.579583 -0.799564 -0.157419 0.810749 0.585264 0.0123272 -3.07191 -0.632995 2.39163   1AY7_D_0001
RT 0.46178 -0.446726 0.766286 -0.884268 -0.164176 0.437168 -0.0694889 -0.879479 -0.470838 -2.55532 -0.867219 2.61757   1AY7_D_0001
RT 0.465798 -0.805251 -0.366883 0.487508 0.579537 -0.653049 0.738491 0.12533 0.662513 -2.96798 -2.51975 -0.0415039   1AY7_D_0001
RT -0.396796 -0.869798 -0.293264 0.804961 -0.483274 0.344214 -0.441123 -0.0994832 0.891915 -2.8622 -2.49669 0.19399   1AY7_D_0001
RT 0.930539 -0.311005 -0.193321 -0.062465 -0.654993 0.753048 -0.360826 -0.688665 -0.628924 0.216939 -3.13113 -2.14081   1AY7_D_0001
RT -0.0803704 -0.306355 -0.948519 0.995847 0.0161591 -0.0895997 0.0427765 -0.95178 0.303784 0.0339252 -4.91195 -1.40245   1AY7_D_0001
RT 0.968425 0.24927 -0.00410711 -0.209538 0.804918 -0.555158 -0.135078 0.53849 0.831735 0.866016 -2.6887 -2.76287   1AY7_D_0001
RT 0.95199 -0.206927 -0.225604 0.101158 -0.482921 0.869802 -0.288934 -0.850863 -0.438803 -2.95456 -2.44822 0.10006   1AY7_D_0001
RT 0.463559 -0.879366 -0.108761 0.243236 0.00826011 0.969932 -0.852027 -0.476075 0.217723 2.93084 2.62195 -2.04357   1AY7_D_0001
RT 0.792685 0.354201 -0.496178 -0.324065 -0.44456 -0.835074 -0.516365 0.822744 -0.237612 -2.58237 -1.61747 -3.09512   1AY7_D_0001
RT 0.950612 0.269439 0.154075 -0.277356 0.960234 0.0320177 -0.139321 -0.0731699 0.98754 0.70978 -2.69405 -3.14528   1AY7_D_0001
RT 0.422897 -0.0628074 -0.903998 -0.502646 -0.846316 -0.176342 -0.753993 0.528966 -0.389475 -1.91154 -2.01392 3.08824   1AY7_D_0001
RT 0.859387 0.510085 0.0355978 -0.477771 0.825847 -0.299519 -0.182178 0.240395 0.953426 0.616656 -3.21707 -3.21829   1AY7_D_0001
RT -0.347694 -0.611505 0.710754 0.88575 -0.462834 0.0350963 0.3075 0.641753 0.702565 -2.9086 -2.44822 0.10006   1AY7_D_0001
RT -0.00230099 -0.860492 0.509458 0.777391 0.318918 0.542175 -0.629013 0.397296 0.668205 3.09527 -0.182856 1.79845   1AY7_D_0001
RT 0.461762 -0.813658 -0.35318 0.0785527 0.43412 -0.897424 0.883519 0.386653 0.264375 -0.36448 2.42513 2.3563   1AY7_D_0001
RT 0.613007 0.745262 -0.26231 0.688473 -0.666747 -0.285398 -0.387591 -0.00564255 -0.921814 3.27393 2.55889 0.697726   1AY7_D_0001
RT -0.0565628 -0.942029 0.330731 0.616614 -0.293494 -0.730512 0.785231 0.162613 0.597469 -3.14573 -0.669071 2.59135   1AY7_D_0001
RT -0.0630921 -0.799448 -0.597413 -0.524414 -0.482748 0.701388 -0.849123 0.357544 -0.388784 -2.77503 -0.744056 3.62763   1AY7_D_0001
RT -0.65339 -0.544241 -0.526197 -0.553754 -0.130339 0.822416 -0.516176 0.828742 -0.216214 -1.38047 -0.505881 -3.66039   1AY7_D_0001
RT 0.799926 0.314637 -0.511001 -0.539564 0.749807 -0.382962 0.262658 0.58206 0.769557 2.44541 -3.06539 -1.11706   1AY7_D_0001
RT -0.894218 -0.44708 0.0222182 -0.434855 0.879397 0.193808 -0.106186 0.163645 -0.980788 -2.55695 -1.57811 -2.63932   1AY7_D_0001
RT -0.292118 -0.949588 0.113799 0.563876 -0.0748999 0.822456 -0.772471 0.304423 0.557329 -1.78286 -1.88663 3.85402   1AY7_D_0001
RT 0.13014 -0.921425 0.366114 -0.978658 -0.178605 -0.101631 0.159035 -0.345074 -0.925004 -0.641478 -1.22985 4.28392   1AY7_D_0001
RT -0.334941 0.363337 -0.869368 0.714397 0.699531 0.017121 0.614371 -0.615339 -0.493869 -1.70434 -3.98956 -0.130499   1AY7_D_0001
RT 0.964695 -0.262759 0.0179288 -0.0445776 -0.0958116 0.994401 -0.25957 -0.960093 -0.104142 -2.96156 -2.44822 0.100061   1AY7_D_0001
RT 0.207572 -0.668523 0.714136 0.83114 0.505516 0.231647 -0.515869 0.545463 0.660567 -1.04137 4.51415 -1.07278   1AY7_D_0001
RT 0.884711 0.423083 0.19567 -0.137524 0.637988 -0.757667 -0.445391 0.643407 0.622619 0.0298138 -3.32022 -1.50033   1AY7_D_0001
RT 0.0741972 -0.976417 0.202744 -0.0616322 -0.207406 -0.976312 0.995337 0.059944 -0.0755677 -3.17039 -2.07348 1.63891   1AY7_D_0001
RT 0.115981 -0.975397 0.187481 0.651919 -0.0676518 -0.755264 0.749366 0.209819 0.628034 2.05912 -1.7001 3.72926   1AY7_D_0001
RT 0.529181 -0.14965 0.835208 0.781684 0.468868 -0.411258 -0.330057 0.870498 0.365095 -2.882 2.36943 -3.32212   1AY7_D_0001
ANNOTATED_SEQUENCE: S[SER:NtermProteinFull]PDGTVPLSQTSEEAEEAIKRWRTNGEFKFEQDGLPFLNRDNVLPPRSDGH[HIS_D]FHEVTVDVRGAGNRGNCFLIFGREKDQVYITTDHYVSH[HIS_D]SLVDQNG[GLY:CtermProteinFull]S[SER:NtermProteinFull]LCVLDGSKITSDEDWFKTVRREMNLPSFYGNNLDALWDALTGWCSYRMIIIVKNSEEAKKSLGKGAERNLKVIKDAAKQGADIILIEG[GLY:CtermProteinFull]v[HOH_V]w[HOH]w[HOH]w[HOH]w[HOH]v[HOH_V]v[HOH_V]w[HOH]v[HOH_V]v[HOH_V]v[HOH_V]v[HOH_V]v[HOH_V]v[HOH_V]w[HOH]w[HOH]w[HOH]w[HOH]v[HOH_V]w[HOH]v[HOH_V]w[HOH]v[HOH_V]v[HOH_V]w[HOH]v[HOH_V]w[HOH]v[HOH_V]w[HOH]w[HOH]v[HOH_V]v[HOH_V]v[HOH_V]w[HOH]w[HOH]w[HOH]w[HOH]w[HOH]v[HOH_V]v[HOH_V]v[HOH_V]v[HOH_V]v[HOH_V]v[HOH_V]v[HOH_V]w[HOH]v[HOH_V]v[HOH_V]v[HOH_V]v[HOH_V]w[HOH]w[HOH]w[HOH]v[HOH_V]v[HOH_V]v[HOH_V]w[HOH]v[HOH_V]w[HOH]v[HOH_V]w[HOH]v[HOH_V]w[HOH]v[HOH_V]w[HOH]v[HOH_V]v[HOH_V]v[HOH_V]w[HOH]w[HOH]w[HOH]v[HOH_V]v[HOH_V]v[HOH_V]w[HOH]v[HOH_V]w[HOH]v[HOH_V]v[HOH_V]v[HOH_V]w[HOH]w[HOH]v[HOH_V]v[HOH_V]w[HOH]v[HOH_V] 1AY7_D_0001
CHAIN_ENDINGS  96 1AY7_D_0001
LPKcPB99TTFUgVuUQ5QrOBZ6mGF0Gv8VQb8SPB9naUF0HFOXQ/UDSBZmZkF03PNXQTipSB9PS0EUV1+VQYKuRB9n8lEksg7UQlrAPBd43JFUhH7TQLBuMBhzBfFE5PsUQiCHTBRQrZFUKUuUQY16KBVb29E0WR3VQG4sWBZtm6EEZP6VQ2AVSBh/5rE0Sv7WQKwXUBBu6aEk2LBVQ 1AY7_D_0001
LtdeMBFZ7MFUGEIYQep7MBx0NZFEoawYQ0iMSB125TFEpwFZQ99zTBRf/AF0d+CZQRTKIBB1jRFUbGLZQ/xOHBRkM7EEiS8YQ9llIBlNr7EEIXNYQU3aMBxikNFEphKYQ1swMBl9OqF0M0oYQMLIJB5chSF0tYtZQfjsEB5kDcF0fnFZQV6wJBJpBwEUtbOZQXrDDBR6f2EUlSCZQ9FbKBdrXsE0gEEYQVy7EBlIp+EEvU1XQ 1AY7_D_0001
LoF5UB5P1iFkX6aZQLH6ZBhWkfF0eUwZQBr8YB9S3aFk9ogaQ789YBpbSqFkCX7aQWPfdB9nOzFknmqZQsSmhBxKhvF0c55ZQduZiBVLVdF01b8ZQjn8iBp65+FEO5CaQlfMTBtpfxFUngbZQmPKcB9aaTFUR6eZQ/7ldBpju3F0A6IZQ/fzbB1jVAGE7S8ZQ 1AY7_D_0001
LU46VBBBWLFECsqaQRLyVBJwKDFUO0WbQZ78QBtyhMFE8nubQgqxNBx0NZF0bScbQBTkTBJ4cEF0mUUaQHEkVBl+vxE0RSWbQb/eZBFFcHFE7HnbQ 1AY7_D_0001
LiWkQBJv0FF04lWcQXPKMBtd+MF0isxcQjsdOBRhrXF0P1YdQepbSBlDtOFUKcpdQWJfIBxCX6EUjD/cQVFQGBZNiwEEQqZcQPE/DBZNZCFkklbdQwcUTBB5r7E04yicQIPqJBV84XF0KPfcQs4zKB52buEERbQdQfg1IBJCBnE0MPNcQVnbBBpVB1EkKukdQg9qFBJhtJFUhO4dQp8nBBhkNOFUISKdQ 1AY7_D_0001
Lzh2MBV3kqFUO0idQ6mkPBJEY3FUJGEeQueULB5Of9F0hWkeQ99zGBNzMCG0z3beQ+5MSBJwzFGUZcxdQoYBOBRP6MG0DWcdQPxIVB5O2LGk0kUeQAspJB1E1wFkQkTdQu/1SBJ25tF0pSReQnCCVBJUdDGUOoYdQx08PBpkBUGE+UPdQcqEMBxWhIGUrjCdQcEDLBBiSPGEHA0dQXS/WBZV/SGU9JHeQo0TSBhBKOG0heteQLEOYBNVuGGkKUieQ 1AY7_D_0001
LKc9MBBAA8FkQgNfQnEjJB1NJBG0JxwfQv0NIB9TNNGkTitfQcSsLBNy2TGUgVmfQBo+MBR2G9FUfBMgQHOzQB5jhsFkPREgQQB9RBZS0yFkb9afQdI2MBhAX8FUR/MfQigGGB1In3FkalxfQ5b/OBVe1FGEOwRgQyNbKBZwX3FEMKZgQIXaUB1rZsF0lUOgQiq/OB5phcFkXjFgQOXPVB16g+FUlUafQ7WATBtSfkF0NVIfQ 1AY7_D_0001
LXkNDBtxLQGUJG4fQf/0BB9owbGU141fQ14FFB9TNiGE8nKgQtdeGBd9orGUxgIgQ3Lv3A9RhdGkyM/fQkgozAVM+oGUZu4fQaVd1AZXWsGE6eKfQev0nAFOgpGkcKCgQf0YAB1J5KGkLsAgQ4eTCBZQceG087UfQ81FzARKSYG01dqfQ1SK2A1KSbG0GKQgQ6HI4AxObuG0slGgQwwiyAxNf0GEi4FfQo8+9AN2CsGkdPDfQPOKxA5z8mGEkM1eQfH6kAZTpxG03v/fQklUjAJ6DkG0G3vfQ2JxmAVAMnG0G2SgQ 1AY7_D_0001
LLH6GBJGEdG0IbdgQtI7JB1NJjGka8sgQY6mPBxgAlGU2OlgQCsSSBFZ7rG0OfvgQa8+JBpYWdGUZQChQoo3MBhBxTGEc2AhQawJGBlaQVGENSggQ2uyHB1qlqG01JwgQfaxLB1NfiGk4YOhQfM5FBVxqbG02OHhQjl5KBpYnOGEkFJhQ 1AY7_D_0001
LU4aRB99TgG0z3TgQXktWBBrciGE8nKgQamZWBtcoqGU6mwfQJGkaB5P1tGEtIffQGWPZBJDDYG0JjCgQuUdaBhL+PGU7CUgQZ60cB9TsFGEsSLgQCGvdBBMpEGkl/vfQn21dBlTE8F0zcZgQDY/OBxD9aGE8qMgQB1RZBtPllGEQQXgQPUkWBZSQUGUzFufQU39cBNn2ZGkbg0fQmuUdB1VeTGEtKfgQvhwWBlxAOGkeZcgQ1/ZfBpAJuF0bnUgQzvCdB58b+Fkw8ogQ 1AY7_D_0001
LuzXRBRgVuGUktnfQ/UDRBpED3GUMIIfQNepQBR0iBHkR2efQBWZPBxJxCHEnEDgQdpPMBNwv1G04wpeQdiXHBtmi2GU0rBfQICdMBFD9qGkIWTeQu/9NBV4irGUBF1fQoyhUBZbj2GkgMzeQcCUMBtdF8GE+0ReQBUMHBhda9GUBWPfQGuBJBFSLqGU8A+dQMuIQBZIXqG0S1AeQAQWMBBOlkGEuGreQ 1AY7_D_0001
Loa8QBNIwKHknvHfQoacQBlYQVHEuecfQDCMLBdnvVHU6mwfQep7GB56RRH0MzgfQboBRBRuYeHUF48eQL5wMBNmgeH0cwfeQZFhRBRlZKHECyneQQBuTBFtQWHUApzfQ2dKRB5D9lHElJOfQ/cyUBRzjdH03nreQgSrMBtwmlH0BBUeQ 1AY7_D_0001
LhrHKBd8SbH0bSKgQmuJFB5QLcHEnEVgQHv0AB13PhHEBWHgQkCX4ApGveHkmZKgQKl6FB9DpiHk3opgQWreJBleSdHkrO6gQkfVPBVNKfH0PQ2gQ7+nQBRAgkHkEAngQlphSBZePbHUTfChQv9VNBV8JfHk6OQgQ1n5DBxVNUHUmnagQKcqHBhTZqHEDylgQyMCCBRTHkHEdBxgQ1SdIBNCYgHU7AKhQ4CsIBVIuUH0TL6gQ 1AY7_D_0001
LgqRCBFDCoHkqxvfQ14l8AVO0sHkmZSfQqxL3ANy2jHkqx3eQFueuARf/lH0JxoeQy/7ABJ2A1HU6y0eQsC5CBZTF/HkLSLfQtj18AVVxCIEVbefQNFh0AFLGDIkg9KfQS1U+ANm6EIUQSAgQlULGBBv8pHk6UsfQLXv2AZuNxHUYYlfQUwWEBhjWxH0W1keQE6N8AdMb3H0NEceQAJqFBN1z8HEUpkfQNMEFB5JACIEgY0eQ 1AY7_D_0001
LGEY8AFueaHklDxeQNep1AtyhSH0yhaeQxgAsApa8OH0eU0eQQ14jANc9LHU3kgeQ1UT8AJKzIHU3VOeQzl9BBt5eYHUWX5eQhkvyAx/KWHExC9dQqkR3AhqBDHE2o9dQp6aBBN1QLH0Se5dQt0j/AhnIFH02IreQ 1AY7_D_0001
LEYlsA9TNOH0jCffQ6mEjAVNeLH0Gv4fQ1NJWAJbnUHkqxzfQIwKDApFZSHkoFxfQhT6lAVPzJH0y8TgQf8IZARzRGHEP5hgQMPofAR58DHEYl4gQuHIpAFV3EHU4Y9gQWF8RA5bQBHEcIFhQWcnzARdiPHklCufQCBAgAVEyDHkrxtfQ0zKsAFywDHURRVgQjsEpAlLORHk2kagQaBFNAJrkMHkX9hgQ1C+RAJ/I/G0v7agQ 1AY7_D_0001
LamZcAlBBfHE8nyfQIFuMAlCXnH0HFufQyLdBAZPKmHU14BfQJbnX/oGvnHEW5AfQsVVXA9sVyHEAbyfQNYYfAxR50H0vnPgQXOrNAtnj1HUV2fgQhf15/Uhk5HUYjagQja6QAVtCyH0dkxgQHpAmABXAhHUQ70fQ/w0CABXgnHE8ZFgQXuciAFN2yHEblcfQ5F/LAxbj4HUURpfQhxTlAx5suH0GjUgQqL+jAdxe8HEEOPgQ 1AY7_D_0001
LGZ7MABW5iHkVOgeQHv0BApZmhHkmZ2dQBrck/MHaYH00N5dQpw1D9QgVZHklDpdQRipRA9hsfHU2LSdQTJvcAZrShHUYKieQwy8x/416oHU0jvdQP78IAJvgeHktU0cQT7KcAJ6mmHkqGPdQ7lKbARDnYH0DJZdQ 1AY7_D_0001
LKc9w/Q0iPHU6mMeQKc9A/IbnGHEVjPeQrcoN/2hWKHUzMneQdTi5/67nGH0kYceQ0Hji/gfs8GkUfmeQoapCAJ3Z3GkxMLeQ0J4C9qdy0GE1ZweQS0ZPAlx+uG0CvieQi+LHAtlcOH0vQZeQt9Tg+oXHEHEvOvdQUEtx/M3H/GUXWEfQyMs2/korzGEzQvdQiAvNA5Pf9G0pp/dQ599w+Ur0tGk4lAfQE9cR/Sll4GkeBFfQHvsA/2zRyGkvrSeQziZbAlemrGkAUNeQG2UXAZnmyGEyP+eQ13tEA9PqoGUpnteQ 1AY7_D_0001
LxgAD/S0iQH0HFKfQ14l2/mX6THE8nifQfU4IAX3kbHUepHfQ8nacAPHabHUc9MfQXk5o/SOOZHUQRGgQ6QBL/uglRH0EmWgQ/1z8+2mCXH0AIsgQh2cK/03GfHk6TrgQ02tc/YfyjHkJuAhQXXrv+o15SHUcjTfQSzPEA/kzMH0sJsfQOIuC/OIcfHUG7CgQLbPCAPkEdH0DrNgQnrlq/GgtKHU1rYgQjQXl+8evOHUHzQgQNqls/OWKbH0CswgQEL4f+2sCRHUcQ4gQtvDy/oWNbHEjZlgQ8j2z+8djlHUfUggQRMp2/wnFpH0yf/gQu5i/9c5jnHUOPGhQOTqm/0y5dH02+KhQ 1AY7_D_0001
LNep//uIbiHkYQseQBW5MA33PpHEtIPeQpbSYAfSMiHEaRudQlYQlAPc9kHEsyhdQR5O+/CAcxHkB83dQdGCt/WOZ6H0ZAUeQKGSV/eXnBIEkF6dQB22p+s0w/HETrhdQlA9y/Uxy/HUOfwdQI8A7/A+jBIkUkXeQuISJAJYe8HkquXdQWP2e/eg/iHUDQreQiunYAfmktHUrRieQKT7i/e4btHk4WpdQ0+WIAjqG1H05PedQsDdDAf/o9HkXeneQc89H/O4Q3HkU1oeQiLqy/uOFDIE3sjdQOlgB/2/2EIk4JPeQ3fQM+0OJ9HEHdDdQzV2i/YJ1CIkkfqeQGdrMAtskBI0tqieQHxLGARd65HUYr5cQvkcYAd1f8HEq0idQ 1AY7_D_0001
LdoFNAPy2ZHUJGcdQ03PZA325SHUIw+cQueUmAbmZOHUNeVdQxgAvATLyNH0fqBdQ20WLATTuJHUoIucQ254WAHnYCHE0BQcQwnDgA3g04Gkc6ZcQkFhaAbT/DHEZtibQAclkAP7X0GEmD2bQxb9iAHxG7GUS/TbQf6FVA/eIMHkR6FbQyRBmALEF6G0yjpaQg4PbAn6GLH0sXbaQn7NjAnFUCH03lNaQdD96/aYRYHUWihdQGtveAXvtXHEI2jcQxr46/Se+MHEimdcQYHhFAHjAFHkyCJdQDsIgA3qO1G0Np5cQBceoArJTtGUt40bQz7PMAzJJTHU0sQbQbtdqAr3JzG0W/daQ1w8WAvteRHEmJFaQ4jglATHxBHk6/rZQ 1AY7_D_0001
Lv0NlAjqxKHkQg9dQ3kYuADVjFHU2OTeQ03P3Ab6mNH0HFaeQOJGABHCsJHEXPaeQ/xHrAbc2AHkON+eQXJ2jAzDI3GERi7eQA/ugAn9NzGkcqmfQOIjTA/p6pGEVRkfQaD3JA75VlGEIFDgQ+buMAfrSpGkNXWgQq286/2m4cGERUAgQn9acATOiLHEiUNeQxV4wAzhv+GkK3/dQYY/mADq6GH0G/QfQQNQyAjsg+GE19PfQF3+nAHRrwGEh3qeQI2KZAfxN5GkaFqeQ4V/YA3nh5GkWv3fQLa4nA7h/wGk0g4fQuU9QATqpmG0gHHfQ6UMWA7cwvGEaeYgQYvdFATS3lGk7DjgQa0i2/qO2ZGUk+ifQB/bs/iVdZGkhANgQ 1AY7_D_0001
LZ780APJGYHE+TdeQmZm+AT2OfHUgVieQcSsABD/pkHUKc5dQNepDBb6msH0577dQrL78AbT4nHkVyEfQ138zAz5buHEpd5eQG+56APowiHEfMwfQVyltAjDbbHUmqceQsOuCBrrRaH08DreQD0ACBfk6sH0SvGfQvYd2ArZ+0H0U1seQQkv5A3Z/oHkhEEgQbK4ABf21dHUEE5fQeVxzAblxdHUhhufQ 1AY7_D_0001
LDCs8AjqxhH0fqVdQXPK+AX46mHkArscQtIb7A/owyH0cotcQT3kABDrc5H01jacQu1xEBTFTlHUdPdcQhIZFBX8WnH0GGubQNwsBBzsZlHkY+UbQyT/JBjfRrH0GmhbQ1fs3ATlcbHUM2XdQ2j/4Av7/iH00VVcQZWCGBTjHdHUzDkcQYocHBjDpqH0urucQ/8nKB7dzsH0blCbQtY3MBf+usH01B3bQ 1AY7_D_0001
LCsyyADrc1HEShDdQrcouAbkNAIEaRCdQiWkyAf9IDIkEDqdQy25zA/S3AIkuJNeQ3x9uAfh6vHEyaVdQMx6lAPRHAI0/CBdQMpXxAXvLCI0TLlcQ 1AY7_D_0001
LfU4vAzeUIIkrHpdQW5QtAnYQLIULyCdQXPKhAb78KIkoF5cQLy2VA/89JIEXPWdQlyzwAbgFRIUGcHdQKlz8AbG1RIU0SNdQzkjBBnKZQIkV+lcQpnT+AvAfPI04PFcQT+XGBrENQIEuqocQ1PuvAfmOKIkdmFeQi3LyAL4wJIEEKocQi2zsAPS4SIk56idQqiZuAfWVTIUVJrcQq9e/A3KVPIU9xndQeoY+AL++VIEMrVdQ 1AY7_D_0001
LEYldAfTCLIUhrPcQPf/GAT0CKIUMIEcQDCs6/KbnPIkAr8bQueUGA325SI0JxkbQ3Q2EA/MjGIUyKcbQNzfMA3/5AIkjWibQUqogAzO8+HEEyXbQob59/u6C6H0BxybQEcKkAjuj0HEpddbQLv8FAzSqvHETc4bQS5qaATx6sHk8xtbQH9KkATbuLIE9M4bQABA//uOxHI0B4dcQ358NAvmUIIU6CCbQ2ATo/OfaGIUvQSbQ6FCmAXafCI061KbQSxUa/qsN8H00M7bQfGWsAXZayHU4BVbQyQR2/+YopH0rWFcQqDHgAvKvkH0ETybQ 1AY7_D_0001
LKc9A/aktPIUwK/bQcSMI+QK8UI0yh2bQShr3+EDCWIE7RJbQ+TNG/QhraIECs6aQM3Yv/M5VVI070OcQztqq/YlqVIE0Q/cQAqBLABeEWIkJHVdQKRsIA5vaWIk3fFeQDI0dAl+qWIETYbeQNE6S9wVfMI02eGcQ7WCA/22NYIUi+AcQSllBAFq3RIE8dHcQLeYAA9l4YIUNPEcQP9OP/kvKZI0aoHdQGtYU/4BHSI0r4KdQtgnUA1CkSIE5INdQRwXTAB2nZIUAtJdQ6cD//MX+ZI0CzNeQetBAABR7SIEkJReQdykbApY5WIUBW7eQ8JLjA9gWTI0TYUeQRJ8iAB+7ZIUuSReQ 1AY7_D_0001
LyLdD/sHFSIEYlraQamZW/ECsSIUGEAaQoFZb+aktQI0JxgZQGZ7g/SgVNIU2OvZQa7sCApvyPIk2L3ZQDCoVAJyNSI0CnNaQJAtgAFfQPIkM2qaQjcrbAZIdXIkyiFaQCNapAt4eRIkHg/aQusimAlBsZIE5GaaQVLVsA1isWI0fI3aQkw9z+EmXOI0Sc3aQ1Vtf/ol7WIETe5ZQZPXBANaoLIUwJBaQFW5FA9N0PIkA7UZQH8ycABgILIkCcxaQOvhSAVa0ZIk3nuZQg09tAVQHPIE6ZWbQ9v1oA52zdI0odTaQc1LzA5CdYIEraHbQ 1AY7_D_0001
Lgqx7+mX6TIECs+YQLy2x/+n6RI0cohYQ5lul/WiBNIkTiJYQEYlBArEDKIEue0XQJW6+/yBNWIEhNBYQ0yvY/iamXIkHeBXQ4TWo98fvbIkW1hXQ9nHC+8ojcIk09WYQ5B1Q/MGGeIkDYuWQLEms78YXXIESb3YQE8vGAfb2QI0ML1YQdViNADV3UIkiQfXQFYzDAPJ3ZIUfFSYQuXnq+q8+TIEuXxWQ/tlr/iNEZIE7THWQ 1AY7_D_0001
LKc9o9Q0iLIkDtEYQ0is9+4kYGI0NJmXQb8S382NJCIEVjTYQCBWZ9oED7H0P1EYQZu7//g2CGIkngZXQuVrIA1k1JI0oAWWQYfJAAxkmIIUxS9UQJDHHAxDyEIEZvTUQ+9+h/Yc1LIE7tfUQCrtS/41KOIEx2NYQOXbm9assFI0DNrWQDZAIA1N7GI0S5KYQTpVEAV8+BI0iIHXQPtDEARZ6NIEyimWQ0xDaApsfJIE3bUWQbe/K/kAOLIUijlTQByOP/Yv4OIEOiDVQ 1AY7_D_0001
LJbnv+ud+CIU6m8YQy25D/Gue8HkoFZZQwfq9/Oep3H0d+OZQbnvPAT148HEoaMZQ6Ou9++xg/HUfeIaQ4tEb/0ZUBIk6eWaQ07Q7/oeFAIUL0/ZQxSuh/EvuDIEbt3aQLEbA/CrrGI0duIZQLRJk+IRE3HEqlUZQbs7k/+PGDIkM0OaQqnPU/mey4HU69baQ 1AY7_D_0001
L46R9/Sf/sHEqGLZQO0iSAvd+mHEShDZQtd+UALEYlHkqxTYQmZmiAHYlfH04lKYQlLWh/689oHk7YNZQxazRAvtVfH0aTUZQ1HBgAjYZrHEouQZQ 1AY7_D_0001
LwfqHAb78oHEZ7sXQXktLA3ismHkpbSWQiWkFArbSbHkSMAWQUNex/iArWH0yhuWQJx+9/u0RuHEqZYVQ0SXEAP7M6HEVPhVQOsxq/uSXAI0t0oUQxznbALID8HEWlIVQ5kO1/aSQtHUfU9XQ46ocAXyDoHkUcFWQxOGY/CfTtH0oKmVQqlxBAzUAsHEI/VUQ2Z3BAzwt8HU3TjWQbNay/ibmEIESHvUQJbGn+yBY/Hkqq8UQYMru/y3S+HUOVmTQSgcfAnwQCI0k6OVQLbIeAbIj5HktfGUQKU/iAftZ3H0NpyVQ 1AY7_D_0001
LY6mOALGEXHECs6UQOJGIAfTiMHkmZeUQ357f/iWkMHk++JUQzMz8+mtzTH0codTQUozVAPIvKHkPaOTQfDYkAbtyRH0YhbTQYg3fAPeibHUUlHUQPSTOAPhEXHkzj7UQzuBMALGyGHE0dQVQwdnMAb1zMH0OtUSQ3aHaAH0OCH0c9ITQYQIoAv1rTHEArdSQ8BdqAjZpNHUqJCUQi39ZADwOhHE6WXTQcENmAftOfHkULvUQ 1AY7_D_0001
LW5Qr+67nDHUJGkUQwKHi/Q14BHUhrPUQlDtk/ovf5GkVOMTQvJxI/YmZwGkqxTTQ0Ht7/IVb+G0iaeVQKJPVAV7s8GU3+MVQgUihAd4UFHUAfFVQ6ecdA5SdyG06/DVQt4SsA55vDHU5b1UQJPepARy2wG0SC0UQa6QwA5Dh5G0ousUQsBXV/+OD+GU+fGVQnXxv/Y5bJHEWu5TQEAv4/0geEHk4OQWQMofu/AaA3GUop3VQfAzcAhxaNHkbcMVQNgtSAhdnrGEvvJVQoApxAVOmKHkrrvUQKOmsABywoGklJtUQMTv4AdBR4GELBgUQ 1AY7_D_0001
L/Uj3/U3k8GkEDCSQPf/4/46R1Gk9o4QQ14lOAlsdtG0LdzQQXPKQA57nmGkBB2PQypi5/cS67GkBGMPQz5MD/wMvCHEc6qOQkKzQ/o7fJHktFLMQAUYK/WCf7GEkUXOQ2sYCABw6DHUNo8RQZa7a/Uc8vGkUI8QQIagKAh3QBHUmuPPQvkZ9/U8f2GUOzfNQNfNy+4hKIHEUJLQQ4qr/9ieWOHEjhzLQGR9z/QBuOHUSldMQPnIc/IJSEHE0sdKQsglx/2oVAH0e1/NQhtYA/GAE2GkW3rMQc/QT/qf22G0+FGQQ 1AY7_D_0001
LEYldAd++tGEYlzRQSMInApGvlG0z33RQzMzsA9mEkG025jQQlYQtARKcbGksd+PQCvciAhbNbGUPkWSQ255qA1bWTGkdlxSQ6NazARbdWG04aRTQgHvoAtFOJGkMhlSQV1cdApJ4zGkUzfSQM4JtAhrQoGkoLmSQV5OaA1ircGU0jMTQUZXbAZapXGUPkjRQiWEuApYoDGUaS2SQsNwhApQEHGUMjLSQ 1AY7_D_0001
L67nwA9natGUy2BQQBrc0ANzMtGUHaRNQoFZ+A125mGkTixMQKc9/AFYljGEUNeKQ1le2AJti4GUHnSMQnbesAxcS/G0V35LQEAFvA13HKHUU03KQdpnlA1I2QHEJ5qKQxwpdAZ33QHUUAlIQ8IjgAVcgKH042DFQOG3MA1JTXH0RclIQxQ7wApoW0G0y5iQQ7kUuAJYdpG0gGCMQlYn7A9Nt8GUBXtNQd1r6AZZR4GUBeYKQTdLnAd6X7GUGYeKQGoWoAddLAHUxE0NQr0u0AZXAOHkE5NMQe2nyANKcJHky54IQbzBkANp2VHEFVNMQY49mARDmFHEJMDFQko6WAJvhKHUmL7BQlhNKA5cMcHkHPKKQa0rCAlcUXHUgUCGQ 1AY7_D_0001
LUNeCB1iskGUHaxOQBrcHBZmZeGkX6WOQ8SXGBJv0SGkCX/OQUN+JB5P1LG0co1OQKACMBVleiGEynDQQxi4NBp4qtGUgIWPQ0bTQBBDzuG0IfRNQPE3MBJ5+0GUN3aQQq5kBBhQWnGEyDUQQVYuIB1tYfG0CYSMQPrwKBpdkiGkWXGRQ6DbPB5vBdGEJd9PQ 1AY7_D_0001
LjXaBBNJGQG0co1PQ++JABZmZFGE99TQQxgAEBRgVBGkYQYRQzhWEB1jCvFkuJhRQUIKABRDN8F0yrMOQvRt3AdN7AGUqGOMQ4lQuANKpBGUUg7MQWRy6AFniCGkhGwJQn1D9A18vVGkXx6PQCaH4AxwPFGE96rQQnECEBNDI9FUJ4MNQHhL/A9NsrFESw1OQKwZ1AZWcEGUoWWIQKdQBBl93BG0hFRJQ 1AY7_D_0001
LSMIFB989HG0kYYSQ1NJIBlX6DGE99jTQsyhEBZkt7FknvfUQ2jCGB5kYqFkoFBVQWmwKBp0KNG0PyVUQLvUNBxXDJG03tnVQVH4OBhuvSGUZsdTQpj+DBRitPG0TAXSQAtOLB1o18FkthNTQF3qHBpX3SG0saoUQQvJPBZ7sPG0aIKWQO1RKB1eWFGE54PWQNlYQBRkKDG0u7XVQIStQBFPSZGElTBUQEC9RBBVCNGU8wKTQzA7MBNr6VGU8tkSQ 1AY7_D_0001
LhrH/ARf/BG0FZrUQEtI3AJFu4FUgVeVQEYlxA5QLoFEZ7kUQYlDyAZ78pFUhrXTQHO8uAplNEG0mpDWQVqezA5I1MGkTY/WQvDjqA99YUGUGeaXQi8n4AdvhHGkNYGYQk8L9AZGFJGk+eQUQNOL7AVx0wF0AcTWQ+j6qABpQIGEUBPVQ6Z/oAxkX/FkDinWQI+d5AtThRG0CPdWQ7dxtAl9gaG09cCYQGaHnA5DMYGkZ/hWQoKXkAFX5PGkb77XQ+w27A5ypNGUGmbYQi5oyAZC2CGk3fXYQFeE/A99RCG0sn3XQ 1AY7_D_0001
LcSMsAJFuYF0MzMVQrcomAx1jIFU46ZUQXktdAxeUSF0GvcTQQ14TA57niFE+TtTQ2J3gAF1E7Ek5idVQy4fnAVGt9EUrGsWQVlJrAFbpUFkMLpWQ5fMsAxOsYF0ZhMVQ5xjsAZ3y+EEei3TQ/vORAlx2AF0S3lVQgdVgAJqVqEEsLIVQe3tiAh2F6EESalXQCNNuARHUyEULdrWQPcClAhR8eFk8qGXQv50yAdsMWFkpBLXQ 1AY7_D_0001
Loa8cAJaRKF0GvMSQyLdPA9owTFE8nKRQqxLx/oZmRF01jiRQsHFi/U3kAFk/U7RQhIuUANyuGFE5k0PQBYGdAJSEyE0jIcQQVVEkAp9C4EkxXuRQrQPcA9OPLFkT6JSQwYNUAhCakFUqDCRQM3QGAdUuEFkq5lOQ1iPgA1TWPFUGwlOQWz4PAt7smEUx9lQQR/AkA5TtqEkv7aPQ8LSjA1a3qEEkmcSQ34isAJ4f7EEEfhRQ 1AY7_D_0001
LLHaR/ABWjFk78dRQU46J/2hWiFU141RQyLdr/mCXxFUwK3QQcSMQ/+mE/F0OfPQQDkpZ/ysXpFkFzRTQuEqf+esVbFk5cVUQEs4Z/mKEGFkgTbUQGNKv+SAW5E0xQhVQtoyN/4CosEU5XbVQILur/A4GrE0ghSUQq8+j/sRrhEUb1eWQYBMl/EXaxFEiPKRQmije/eJtRFUdfzRQZO6B/igm5FUjraTQ77H//yglpFE/deTQfsST/c65YF0naFUQIzUp+KFIjF0AvTVQ7xI//SjLIFUw+lUQdg1P/GeT9EkG4fTQ8S7V/eHG6EEuWaWQg4th/EjezEUK9eTQN52CAJ4khEkEHOUQ3B8H/4/1iE0r2WXQ8n99/4nJYEEJbaWQ 1AY7_D_0001
LiWkLAfoFvFUxgwQQ03PXAfnv9F0d+uPQU46XAj/UKGU2OXQQMdTUAzeUMGUepjRQdT/mAvA11FEiqWPQMd1sAvmd3FUTk3QQbryTA/C0jF0sGRRQ/NcPAncr9FkcFyNQ/14qAzPL/Fk0zyNQZV2mADoOlFEISsOQMy3zA/lMyF06wqQQ 1AY7_D_0001
LqxLdADVjRGULy2OQYlDdA325cGEVjnPQCsymA757eG0Of3QQyLdwAjVOcGUIwyQQ54sgAXxHkG0SJNNQjY9OA3MTkG08zNLQxmi7/Og6gGE7W7LQtKPSA/e0nGkDQAJQY+lgArIhPG0d19MQxOENAfG+eG0MQKQQn34nAj/YhGUcQLMQ36LiA7URsGkT54NQ 1AY7_D_0001
Lpw1jAf8SkGUwK/RQ0isqAfnvmGkWkFTQpbSoAXO0fGkBBWUQUNetADVjiGUepTVQx0OYAr1pmGU0MBSQOw1pAXiKvG0/YWTQe1/yAj7glGkHxySQ 1AY7_D_0001
LLHahA/89XGEUNOUQb8SfAbPKRGUJGcVQHv0RAz1jXGklDdWQ6mEVAfnvVGUHapXQsA/TAzPpGGUL8FVQ4ZtRA39Y+F0taQWQ8YKgA/tbuF0/thWQ1pjCAzwB9FUEFOXQD+OaAfY4jF0C4mXQTGPIAHSbsFkRfBYQSzpaAjZSWG0JEYTQZ5anATAIPG0+Q3VQ5B3cAzAhCGUQvTUQ9HEEAzrWIGkLBtUQGpbmA72XqFUDa9VQzTFo/uPFDGUM1aXQqv2hAHDkWFEWK/XQ 1AY7_D_0001
L++pCAT0idGERL6VQJbnn/ucoiGUMI4WQBrcw/W3kuGUkt7WQnED+/CVjzGk/U7VQg98Y+4jtgG0aXfWQVtRJ/E8MVGkkMlWQzPPF/oClOGEFGeVQY9Xj/YQ+QGkjwxXQNwFe/MM/DGk3YjVQKc2v/QNZGG0NO3XQXoqt/kiy/FkA7vWQ1liAAzJ2eG0c86UQ6o/o/60LeGkBG0XQ+atx+MJbjGka+dVQ89xX/k8ZlGEc4IXQw8tY+EX0RGk/ihUQpfFl/I2GWGk1CVYQPwka/gov9FkhBrUQwIZ7/I5KDGk44ZYQtub3/8KGvFk1K0WQ 1AY7_D_0001
LEtIn/mtzzG0IbDYQnvfq/CVj/G0HFGYQlYQg9yeUDHkSMgYQfU4C/8na8GUiB1YQahFKAzSEDH0QvbYQ77zdAPRw/GkNAEYQkK7iAnJf1G0dnFYQLEjlAPrVFHEmLUXQjPorAD950GkOabXQapYtAzRa+G0KV5WQouzb/CtpvGkqjdYQTnTv/at1CHkySMXQq/2KALhs/G0447YQ13PKA71vLHEG7eYQcB0kArkwNHkO8CXQiehwAPrytGk1xRXQ2gfzAzvUAHUY3RWQ 1AY7_D_0001
Le++p+4QLNHEUNWYQFuew/Y78QHkvfuYQGEYp/oFZaHEmuJZQlYQw+Y78gH025DZQtlnKA9FnTHE87PYQ0l0FAZkpcHEvehXQULLYA9k/eHEkLmWQ8hMkAZ30ZHkrrtWQgV+VAtl9lHU8SxVQ12mx9WhFSHkAcAYQcrs7/wJcKHE+0CZQEGvYARk2VHU5WiYQyZuOAt+hMHkem6XQ3Duv/0yfaHkOb7WQv07BARq1jHEN1CYQ 1AY7_D_0001
L3kYCAd++aHU3ksZQzhWAANHajHkTiNaQe++VA9mEnH0d+eaQIFuiABqGhHEShbaQZjLl/EjWfHETEzaQXyhh/wb5nHUziVbQVW2W+mlGcHUY6iaQd1GOAF+dVHkMbvZQ359s/A81pH0frAaQLz40/YVdYHUHjBbQRM63+QP5kHkB1vbQhWqAAt+4pHEschbQB3PF/44BvH0sHIbQ2ERU/KQPZHUHn9aQhs9M/6L/iH0+QUaQ8Bt4968vVHktPLaQ 1AY7_D_0001
LlYQYAFCsxHkWklaQiBBnA13P1HUIwyaQjsdoAR14yHEFuibQYlDhARf/yHk789bQ5+0oAxhnAIUz/paQA43nA11oBIUIB9ZQ3O4zAliUCI0AJ5aQooiMAFRM3HUMQiaQCoxsABCVyHUETbaQTvyiARD9CIkm26aQqOcgAN52BIE9b1ZQvBB1AhUkGI0OtyaQFQm0Al6lBI08ZbbQJz85ARnBAI0NLoaQ 1AY7_D_0001
L5luyA9TNwH0fqpbQTiB3A125vHECsWcQsHF+ApbS6HksdacQXktCBd++6H0isBcQS6u9AdvylHUOQfcQaCFBBNA8lH0smMdQib92AB12bHUYzXcQcmp3AZZYuHELGRbQzHSwAVfhvH03yscQT+RCBpPulHUvjJcQwKcDB59ueHUoGSdQPvmDBdm9sHEw2QdQU7j7AtMNmHklYjdQxWw7AlRvUHEN5dcQczGwAR88bH08XtcQp3J0AZHwbHUkx2bQ 1AY7_D_0001
LIFu6AdRWAIUf/4cQ46RABd9oFIEtI7cQUN+FBdRWEIkR2GdQYlDHBBAABIEtIjdQLww7A5aeJIECJcdQzr6wA1grLIUPqOdQOoPuAxfNLIkYspcQlUarA96zNI0GdpdQc/z0AlAM/HEzMOdQtmLABVaeHIU6hbcQDN26AhRaHI0tp6dQL9mABdW0MI0bQhdQ 1AY7_D_0001
LdTiJBlYwHIET30cQwfKPBpGvHIUJGEdQ4P1PBpa8MIE7RddQQg1PBB/JRIEaRKdQiPMTBFwfHIEH2ecQ3d5YBJLmHIkYvvcQbfNSBl/fCIEvMEcQckdIBZ6TKI0XWdcQwW0PB5mHEI0q3WdQnqrSBJNCLIEu3KcQ+PsbB1ObHI0u+UcQBZjZBVfRLIEmuBdQM9iZBFWKEIkAlEdQofEVB55WCIkK6pbQKosSB9O79HUjOYcQuHKOB5AmCIk7V3bQ 1AY7_D_0001
LfU4QBxKnMIE/pGeQ789QB1hWRIEUNieQU4aVBZ6GVI0w1TeQgVuZBFsSTIUbnHeQeL0RB1F0PIk+0QfQ6dLNB1f0MI0iRlfQbgTOB1OdLIU4UJgQIV6JB12hII0nFTgQtJ6JBJ5qGIUlUngQwaFOBJvdHI0/szgQUStFBJFDEIkPuugQd/oRBBU/IIElmTeQD5FNB5maTI0T+feQrxWVBFJTNIEIjTfQF5hSBFDaTIkqvjfQQImJBZWTPIkkPkfQsSdMBlSHJIU5yTfQcf4RBpk+IIErMKgQx37OB9fHPIUIcSgQSHoGBpu1HI0aDKgQO8SRB5AeJIk7CugQMSFOBVlEGI0d3ChQ9wfCB9+bDIU5MlgQxJtFBh+pCIkK49gQ 1AY7_D_0001
LyL9TB57HaIkuJNeQwfKYBlC3dIkZm9dQ8S3YBNepeIkmZOdQy2ZcBxJxhIEEYBdQWjNQBNIhbI088ReQqOcXBBz1hI0inKeQAhDcBdzjcIkOWJeQ 1AY7_D_0001
LyL9WBFCMbIEW5wcQTihYBZPKbIU0iEcQcSMWBpa8fIUbnrbQwKnYBNJmhIEShLbQMV1WB515VIkADwbQbeQUBRZeYIErQ7cQMU4cBBuEbIUBJDcQBEHYBRu1VI0wsObQkqrYBlRlSI0jIBcQu9fSBdPhVIUnmxbQ 1AY7_D_0001
LfUYRBJxghIU0i4bQT3kOBNy2lIE+ThbQjXaMBtyhkIUKc1aQQ14JBJGknI0codaQIUlPBx3yfIEhBScQecMLB94PnIkIU0bQKVRRBhhPpI0sQdbQ 1AY7_D_0001
L1NJNBFDifI0LdnaQlDtKBFZbdI0bSAaQRLSIB125XIksdOaQdoFJBpZmVIUf/waQVDuOBVZ6cIUWGcZQtlITB9wBZI0dLmZQsz0SBpETUIUY4aZQ1UPXBZj7aIE9O7ZQY9gPBZuHdIk4I5aQ8C+HBtsbgI06mzZQmGrMBp3lbIkuI/YQbfeQBlG0gI0DZVZQg9SaBdzhYI0o0CaQLjUXBxKyeIU6uDaQ 1AY7_D_0001
LpbyFBFueVIkuJtZQfUYDB1NJQIUiB1ZQIwqHBR0CMI00N9ZQ2jCGBRLyHIEShPaQTbAABhoUOIURNPZQMhw1A9teRIUVZIZQdqXvAdpTPI0ISkYQKcqlARgYSI0ZEdYQFq8kAVKpWIkg0CYQ4iatAJ4RYIEtJbXQW8dXAhWLZIUC38XQQDgFB5rHXI0FtPZQIsyAB1uaQIkqBRaQNrWCBRAnOIUT8xYQAC09AtsIKIkwZTZQcz4wAJbTRIUYTlZQW/t3A1woVI0OSBZQ7OI0AldaPIEbFHYQRLGtAhQMLI0BQrYQOS9dANoPRIUX3sYQkTd0Ad5VWIUS3hXQBP4sAhNebIE0zzWQ+icKAB16XIEExOYQGXZWAlkXcIUkiVXQ 1AY7_D_0001
LiWkMBtzXMIEXPuZQaR2QB1h2IIkrH5ZQ4PVQBxJRDIka8mZQXPKOBR0iCIEYlDZQgFQNBZ4YPIkxcZZQhhnUB1AiKIER2tZQofIRBl+gIIUOzbaQ 1AY7_D_0001
LRLySB9Rh+HU2O7ZQ9owTBRKc0H0fqlZQYljQBtHFrHUdT6ZQ03vQBZ6miHUktnZQ3ptZBtJEyH02alZQRA8bBx6cwHExpRaQw6eZBF1rzH0TexaQtTRgB5tgrHE5RUaQf++TBxda/H0r4ZaQcz6SB1Xe1HUprDZQ8EeaBda4qHUDjSZQpC2bBRfp4H0jKWZQl0GhBFwNqHkj5waQmWMhBRGCpHEbs5ZQ 1AY7_D_0001
LepbNBNeptHUbnbaQHaRLBJaRkHEqGzaQJbHFBNJGkHECsqaQgVOCBBVjrH0copaQh0aMB5Z/kH0rEjbQbcdTBd4BlHULZwbQrAeMBlhF1HEUnlaQ3FqNBpPRdH0F0qaQxHpKBt5RsHkB7vbQ1yjKBJtPeHUMazbQ5YqUB9v1tHEHmabQ 1AY7_D_0001
L9oQDBhU4ZHUgViaQYlD7AxeUYHklDZaQb8S3ApGvNHEVjraQGEY9ANzMGH025vaQ6S74AJaiYH022oZQbc97A5u5iH0+wTZQU7/CBZCOkHkWmBZQgjy0AlvWrHEFESZQAiZEBtJwtHEHMuYQc/j3A9140HE1p+YQ8oyAB9bF2HEKtsYQVDuFBFFeTHk3aiaQtEs2AFyVfH0tLkaQLVY9ANiHSHUZbZZQXddwAp1GXHUA7iZQpb2FBJDodH0ZvCZQgB4sApPaqHUYQgZQTzWIBBdruHkFDgYQWZ2xAZ/d7HECh9YQEH5BBlim9HEmcdYQ 1AY7_D_0001
Lc9osA9TNNHUHaxaQ9ownApFZCHk785aQBW5gAFXPAHUO0SaQhArUApEDHHU5QHaQmi9gA9xKCHkczibQ0H3mAFp/EH0mVMcQlQ4dABrMFH0/VxcQS/svAVq38G06SUcQAB2nANHtTHU2TwaQr0KuAFLg8Gkzq7aQSWwUAd+yHHkkHfbQBVPbAF5K6GUkkmbQu+VqABf9MHUDhJcQRbIjAhSNHHE22OdQ8llRAh0LLHETGrcQ/acWAJ8W9GE3n0cQ/p5zAhd4+GUozxcQ5lOsARw50GErKXcQgzU1Alq/8G0jo5bQ 1AY7_D_0001
LGZ7gAFXP2G0kYEaQKc9SA9nazGkuJhZQT3kEAR14qGE8n2ZQOJGMApbSjG0yhKaQnUTeAdp+uGkfL5YQu13mAZwT3GEu2mYQDb/NABPorG09oXYQo5HuAtKAzGEvLEYQ/LzlAdriwGEHcQaQ5RANAxRy6GUC3SZQ6m8jAd6CoG0RCCZQ+ZViAln+9GUFqZYQnC4rAhYe6GUheAZQ64RWAFFhoGElM3XQtNoDAxaclGkOzkYQpRXEAFzhyG0XcOYQdIXzAtuX5GUTnxXQbI9yApPfsGUvCRYQwHTpAl7CwG0nXTXQ 1AY7_D_0001
LhrHd/ABWsGEFuyZQamZm90isjGUIwCaQHv0t+msdcGU5QfZQDXPC/uz3fGEYl7YQ3MWl/qHRoG0ltYaQge7X/qj7tG04DCbQns2W+qOs3GUvNCbQ9gMo/CrgpGkD4obQ+cfZ9YH68GUWPobQaFQf/OdtuGEK7OcQZ5Wq+e9a4GUolOcQd0bC/Ey7yGEgnlZQN8HH/wXRfGUEcbaQ6AJ1/6e5tG0tTDaQAE57/CD1hGkdSfaQPNgu9QnP7G0d4jaQiVz4/ik1hGE2IpbQil0E/0nkEHUS5nbQnhbp/6rJrG0rNtcQ1+F89Wbh8GkUkscQ 1AY7_D_0001
L0isF/KGESGUiBtZQGEYp/a5QKG025PZQMdTKALbnIGEsylZQHv0PAXjXMGkCXHaQgAhl+O0mPGUhUKaQVC1r/GIrNGk64vYQ6+6M/+W+CGklONZQ 1AY7_D_0001
L5QLWAvyhAGERLSZQ/pGmAvHF+FUktjZQzMzlAfR2qFUbnDaQueUuAjWkpFklDZaQ0TLuATJz5FEiSAZQGR1vAP9HGG0rRhYQZO13A/ocDG0Im/XQ1ab5ArZPMGkpBEXQEFIABnQCMGkXTBWQ3TBDBn4cDGEIhyVQlEkAB7qdUGUttOVQKRLRAXsl3FE495YQ6o/oAvpvGGkSTvZQLqorAnP9rFkVutYQGD71APr+1FUBYOZQoqqyAH5HNG0HvyYQVsRoAXEBIGEWjRYQGvG1AjPB5FU9cbXQ91e/AvvoBGk01OYQGPH1AbC/SGEWVNXQb6rCB3GB6FEBMZWQg9kFBTCTDGE5gAVQERr8AHIEbGUWFaVQUoHDB/0TUG0RvcUQ 1AY7_D_0001
Ltd+aAT0ieFEmuFaQpw1bAnX6MFECsmaQT3kWAjArUFECsSbQktzRAPepnFU14ZbQdsaMADxv6EkxbbaQDveRAH1XvEEokxZQyy/iAr41iE0WVzZQnsPlA3KsZEUBKUaQw5loA/8aiE0mzTZQBP1NAXDAgF00JzZQjn/lArkUGFUfxmaQTYX4/SsBBFUWNZaQC7jMAPO1uE0+50aQa3qSA7sO7E0mHYZQs7VEAH4mkEE+xpZQ 1AY7_D_0001
LIFueADVjJFUiB1bQuz3bA3hWQFk9ogcQRLyEAnCXVF0MzscQUNet/WjXIFkZmhcQ8bZiAnTN/EEcq+cQdo5hAXjBFF0k8tdQs09mAr7tzEEmiJeQThKnA3sL6Ekee4eQtaeYArM16E0ZVLfQqdhjADDC8EUwAvbQ/k2iAHJgeFUdEmcQO/uqATgC8Ekyl2cQzx8bATwVwEE+M6cQSmJTAXqFHFEdi3dQrHHmAfiDUFEQQzdQLCJvAz9zwEkAz+dQ3ebiAzh6kE0MRGeQOAzqAfR8JFEXn7eQEk/rAPCzuEECgKfQambZAbqK/EUwaqfQK9rRAjsMsEEwIJfQk7cPAzEkFF0dR7eQ 1AY7_D_0001
LTiBDA/mEpFEtI7cQnvfa/iqxxFUepHdQ5QLy9AW5wFUbnjcQqxLp/Q14tFEFuqcQFrgv+uaulFkyludQNPnn/iBhoFEBRWeQPzY0/CZP6F0k7eeQlXwv/+g5YFUXhreQGFOQAT/UyFkzc9cQ1+5h/+1KBGE1gRdQCMvm+amtUFE5MndQzysI/MWWrFk401dQ 1AY7_D_0001
LMIwq+iWkzFULy6bQtIbH/gpbyFU0iYbQgVOk/ArcEG0eUQbQoa8y+8TNLGEpw9aQSGhg8q86oFkILwaQAAod/EBVlFEssLaQdZYn+EzBbF0eElZQN2ra/+OwYFklPjZQd82j/QouUFEa6FZQawxp/6MV2FkJ5zbQk8Ns/wawmFEpBhbQWPG9+GRmZFET43aQ52cT/CygzFEdskaQB1+r/kut0F0x4BaQakZ4/s11aFUlvWaQZQuP/su0NFUpnrYQ1VuBABR4WFExsIZQ 1AY7_D_0001
LqxLDAxfqHG0HFmbQoa8KARLySGEVjjbQhArhAJv0RG0yhabQvJxmAJEYLGUy2xbQ5EwGAVo9YGkMXNcQeLhPA1iSkG07LKcQ+Nlb/0EHZGUZ+WcQyXDLAJgYCGEmz4bQ+0QBA53EXG0XJMbQWcOPApIBVGEycncQU4aMAtnioGkEBocQmpWgAZY/jGk6cEcQaKtHAV7doG0b3vbQYxMQ/oJfdGEpl0cQvWUz+g9AdGE3y8bQQ5ZE/Eh7QGEkbacQ 1AY7_D_0001
LPKclA557XGEAA8aQShrwAlCXXGkSMwaQQ141ARf/hGkWk5aQgqxwA5QLqGk9owaQ47ByAdtYUG0t/AaQk0DuAtKSJG0lG2ZQ1QojANu0HGkcHoZQsP20AJIkAG0XG6ZQFLAgAlhX7FkvKeZQAMOxABh2sFkwJwZQPG2mAJm8pFERPiZQk8OjAZ7vVF0IVYZQKrmgAZPGdGE7XsaQVUb0AZB+QGkAnCbQ9PttAdkHaGEVJtZQGOd6ANy3UGEXS4ZQfhlcAdZrOGEY+kZQpoC9ANftBGExHFaQDmnPABuE5FUmLTZQ2kj2A5AJfFUeUzZQez4oA96lLFEB0cZQ 1AY7_D_0001
LJGEABpbSiGEXPGbQiWkCBR14sG03PNbQgVOHB9RhtGkEDuaQdTCKBViBmGU6mkaQ5AjEBtMbuGUwf7bQIhjGB5F45GU7GCcQfc7IBNRZmGEX5FcQOlVHBlF48GEOjwcQUaQCBpNnbGE5ILbQ/R3+AJx8yGEELNbQUlOBBpoQtGEsmRcQesWKBV666GUhjxbQN4tDBhRf/G0lC0bQ/ISKB9LmnGUQsmcQxsXHBRgTeG05aCcQx3RMBhthnG0DCwbQNzwIBZmGFH0FpycQOsiDBpLK8GUEhBdQiPRKBJ0i3G0HB/cQ 1AY7_D_0001
L8n6HBV3k3GkDtcaQzh2MBJv05GEtIDaQNeJPBFCsDHkvfaaQ/UjMBZQgLHEuekaQ/BxLBpTK8GUiiTZQZLvQBJ819GU4r9YQQvRIBhoDGHEFvOZQoIMFBV4c9G0fxgaQz6aPBd9xyG0hOEaQ6JvJBd5V1Gk9FFZQtbWSBJYD3GU6W3YQQOjHBdWlHHEW5sYQZceEBFKxEH0oAfZQMWTKBJv6MHEi2cZQ 1AY7_D_0001
LY6mUB5QLDHULyeaQtI7WB9mENHEVjzaQoa8aBZPKRHkoFRaQtd+dB9RhYHU3kcaQawuZBFm3KHEdhebQvH9dBNfRDHE2QYbQPexVBJ/dGHE+B/bQ62FXBZkM9G039VaQt+qTBF5pSH0y/5aQVecbB9oRSHEIyqbQ2JhgBV/2GHkS0MbQN50XBJm9EHErMdcQpGlSB9+QMHEpIEcQEuEUBZXB/GUUFzbQ 1AY7_D_0001
LsHlaBdR2NHkQgpZQ+TteBtIbRHkZmJZQdoFcB5kYUHka8eYQrcIeBhU4RHEsy5XQltchB9zsIHE79BZQ5wQgBdJh+GEwHvYQX7ybBdaW+GE5InYQMxuhBtdA3Gk94oYQKimXBVL9IHUZzfZQ1OVgB9ZlYHEd8VZQi2+iBBUsLH0lPsYQcXbiBBYuGHEPIgZQ 1AY7_D_0001
L78dXB1MzZH0MzkYQ5luUBNHaeHU149XQPffTBRLyVHktz/WQGZbUBluJWHk8SvVQ5DIYBVH+mHEiiRXQeI7UBxBwuH0ovdWQllPXB5b41H0qilVQKrlPBlmhwHkEqZWQwydTBVRt7HUJDBVQ9jyOBtYn4HU7lfVQdK1VB9PzaHkwECZQtG8QBlc8hH0byIYQ+4XaBdvcrHkRuAYQN9AbBBdIjHUfTnWQVKgMBpqUsH0ou9WQiiGUBJs/AI07xRUQNdMLBVMr7HUBJPVQ 1AY7_D_0001
LRLyQBdSMNHEYlbXQ2OfOBhWkEHEtIrWQcSMSBlX68GUzMDWQEYlQB5lu1GUiBRVQnH5KBRJMJHUVBlVQONgGBlOZQH0mdGWQX7NGBpb9aH0csrVQR7wCB96bMHEt4/WQMXNCBZjihHUOPKWQxyg9A9+ATHUNbeXQLb88AJrhdH08yDXQrX90A1FFkHU0NiXQ9AbQBdBLNHU2+NYQkiRMBRzZ/GkuzWXQjJUNBV+xNHkCC4UQXUCJB9frCHEPaBVQsBKJBpjEeH0cj+UQhc/CBVuIEHkG+UXQPA/BBFu1pHEhN1VQL1o3A595PHUfzFYQ2PgwA55HgHUSgEYQ 1AY7_D_0001
LuzXXB1Mz8GU5QbWQyL9aBViB1GU6m0VQ2jiaBJwKqG0w1bWQhrnaBVMIiG0gArVQVXZgB1g24GkkQ8VQUoTiBVqQwGUsUcVQyPxgB1RMDH0JWKVQXB1YB978BH0NRHXQWG7ZBpMU0GkJExUQ/82gB5xO6GUli/WQSEXkBpYGzGEtNiVQLjDiB92BpGEwcCWQXL4hBh2fuGkLaZUQfj1iBts2FHk7EQVQk7SgBhl0BHURIHUQVm4eB1jUJHUvBkVQ 1AY7_D_0001
L2jCaBltzpGEAAwXQx1DZBtyhfGklDNYQxggUBtz3gG0P1sYQ5QLTBVNepG0bS8YQuDDeBFLlbG0zsjYQ59ffBZfgiG0C/EZQEfUaB1hfwGEGBKYQgUOYBZcjZGUOEpXQtKVdBhSmTGkHfwYQuNqgBZJ+aGE7zMYQTxqgB9WYoGEft3YQ 1AY7_D_0001
LNzMSBJaRXG03P1YQy25NBhqxWGUPKUZQPffOBVMINGE/pyZQY6GQBhVOEGkX6mZQ3VgIBpjQWGEHD9YQdVVHB1T6fG0uRiYQWilJBZafhGU3+0XQwvJEBF5eoG0WkpYQdb1HBVLoqG0i5UXQ+UiEB1OBvG0mYGYQiRZTBx0eQGEdkmYQVmrNBdeceGUfukZQs3ZIBBCPPGkQXoYQLrTFBBZYVGUteUZQXM6LBxfUcG0IRVXQWTmBBlLwqG0qWEZQ84JJBZCVtGURCWWQ 1AY7_D_0001
